.Random.seed <-
c(403L, 10L, -291966510L, 1933834340L, 1898518439L, -257967875L, 
-123089676L, -129602598L, 1835597605L, -1498134977L, -1776939578L, 
1666443856L, -102603149L, -897979759L, 1817162432L, 848630942L, 
-1176397719L, -342477669L, -245355094L, -1065452084L, 696742031L, 
-202788667L, 1525817468L, 244284626L, 540038221L, -1131502329L, 
1336150254L, 929761736L, 1062915787L, 926203689L, -332970120L, 
-723198810L, 941559489L, -21797037L, 1460634626L, 1153073460L, 
665553591L, -56936787L, 2081740740L, 1747705834L, 684130389L, 
-167330321L, 170010102L, 2042299168L, 639163619L, -597583487L, 
6393840L, 1785589390L, 291533305L, -1400570997L, -1373710406L, 
1036170940L, 788803071L, -247641259L, -1388192660L, -1577936702L, 
-1394439395L, 1626898839L, -1457858306L, 1964690104L, 1132721307L, 
-1653689607L, -973441976L, -1088612490L, -118074703L, 1677468387L, 
-1177632334L, -1336290812L, 387639623L, -1224379363L, 298584724L, 
-732683718L, 1886727301L, -1328975521L, 1110221286L, -992014224L, 
-1096215661L, 2132079665L, -1441342752L, 413293438L, -517074423L, 
-1164871109L, 1151689738L, -1748821012L, 1531031663L, -934015067L, 
-1889953956L, -1254835406L, -294084051L, 587215079L, 1998324238L, 
1148592104L, -868859413L, 1256452745L, 563481112L, -1541922490L, 
-473477215L, 1476756019L, 1137819554L, 1674853012L, 100585751L, 
58060557L, -1072372188L, 578883082L, -146286731L, 1308934863L, 
-506489386L, -1584072320L, 872870339L, 1514407777L, 410852816L, 
-1780699858L, -167281447L, -595675413L, 2119693146L, -1280842468L, 
522875935L, 1481881717L, -1573518068L, -962729758L, -495722051L, 
-679975369L, -1437156130L, 824215576L, -1650272389L, 1270249241L, 
-1430754392L, -191415466L, -318913583L, -965892221L, 685912594L, 
-101022300L, 189948263L, 2095410877L, -124897740L, 418155930L, 
-1894303259L, 1392592255L, -1890226938L, 1101338256L, -55501005L, 
-1105945391L, -1948211584L, -481095842L, -918147927L, -93733029L, 
1028617578L, -83634164L, 1711140943L, -1131869947L, 1272963516L, 
490546322L, -719257715L, -1212102713L, 574020782L, 1504414984L, 
-972903669L, 1121175017L, -190565704L, -717499034L, 1494101505L, 
1184397459L, 950772546L, 308935924L, -1880717065L, -1343029011L, 
361816964L, 344128938L, 2019492629L, 2029117871L, 181395894L, 
-680544288L, 423491363L, -161888191L, -642251984L, 464996686L, 
-1674077255L, 2060840395L, -815333766L, 1868772220L, 2018958271L, 
-788773739L, -472208724L, -23590782L, 1956489309L, 840974167L, 
-1856667074L, 635496056L, -1735768741L, 1992737977L, 809397512L, 
876244918L, -1967811343L, 2139353891L, -1069365902L, -1830821948L, 
1444580231L, 12581213L, 374642516L, 1349766522L, 1157142725L, 
566872607L, 1964391846L, 2124590896L, -1720982061L, -405556239L, 
696861984L, -548039746L, 465148873L, -156386437L, -583112374L, 
-64772692L, 1553002671L, 1901046373L, 743485980L, -740799374L, 
-882699539L, 271302439L, -633324722L, 2089989032L, 428865451L, 
-1440537399L, -1067608872L, -808875642L, -498130847L, 639840755L, 
-1975926686L, 527931092L, 1915973591L, 289373488L, 802956452L, 
-1898437960L, -674965158L, 677958032L, -1169666180L, -172652268L, 
-1131630782L, 66449152L, 1055286204L, 749124432L, -1564504286L, 
-1426356920L, 1991919116L, 1933680732L, -1102956334L, 1675499008L, 
-1312401068L, -26819096L, -126499846L, -1298404144L, 1952020780L, 
-1198106892L, -1764477550L, -2099322784L, 1899320588L, -413646112L, 
537593186L, 1642531496L, -1036045748L, -918712964L, -8732366L, 
-599188368L, 233726788L, -1807074856L, -907846534L, -55763408L, 
660300476L, -436909228L, -605896638L, -1959921248L, 860186300L, 
-513006128L, -1621807774L, -366059544L, 2058866636L, -1141490948L, 
-2005877262L, 1925182592L, 82911476L, -1254858104L, -931822790L, 
1840009040L, -1564388756L, 160962708L, 913355090L, 375154400L, 
1192881868L, -1017556832L, -264214654L, 2015491816L, -701333780L, 
1829797948L, 1003048562L, 622476400L, -1641541084L, -1175838664L, 
-1631422438L, -725399856L, -2105504708L, -363449196L, -627156862L, 
-437407808L, -2115696324L, 465223312L, 1594058786L, 855218184L, 
417537164L, 888751132L, -1369447790L, -495714176L, -1840266220L, 
-76549848L, -1202144710L, 1129620688L, -1789109140L, 1483677364L, 
952293394L, -1479979040L, 765909964L, 259528160L, 1138457122L, 
-1317034712L, -741532404L, 2094331452L, 342149362L, -5462288L, 
1102466884L, -1571453352L, 1625729594L, 1706389232L, 31783100L, 
313305620L, 1872243906L, 1745448032L, -641704580L, -534075184L, 
176102434L, -1685088600L, -1630770292L, 1378387388L, -1668172750L, 
-1036251328L, -73931596L, -2046025912L, 2053604026L, 2124427024L, 
-298011412L, 1837775956L, -663822574L, 115355552L, 1704178636L, 
768527200L, 614376642L, 436084264L, -756130388L, 1436113724L, 
-1699420302L, -757285072L, -932608476L, -1086481352L, 1422686426L, 
888647056L, 247208700L, 461431700L, 2025885506L, 2112673280L, 
127868476L, 304874064L, -1266700638L, 1764895560L, -592997876L, 
1350547676L, -1333249454L, -1960429440L, -745856172L, -1724252696L, 
-1803395334L, -1369752752L, 355732524L, 1124927860L, -1135647086L, 
-709562784L, 373098124L, 1932359520L, 1243116258L, 936681640L, 
-1141097268L, -962911748L, 1219573682L, -1634133520L, 201758148L, 
642814808L, -853049478L, -1566341712L, 843214268L, -1093809068L, 
1579179970L, -1463199968L, -1850084420L, -547606960L, -1658181150L, 
1330857320L, 405767500L, 1787190524L, 1625813746L, 1923066624L, 
1801518708L, -1809646584L, -1356707398L, 41479120L, -28031508L, 
-43806828L, 1075420882L, 1317153376L, 143021388L, 1141494048L, 
1395390082L, -1248860696L, 341224428L, 316074556L, 358516338L, 
1591180144L, -1279493852L, -63686088L, 1683913114L, -1279713840L, 
831663548L, -1495194476L, 386990210L, -727730752L, 1991767868L, 
654264464L, -1846371550L, -2131586552L, -805519092L, -2117244516L, 
-1430164974L, 1595531136L, -768617708L, -48092888L, 1018687546L, 
-1819397168L, -120682900L, 1640677940L, 2047542930L, 1545563488L, 
1268580684L, -703818784L, -696622686L, 2017141160L, -287670644L, 
215336380L, 631407218L, 1263156208L, 2007771716L, -1239248808L, 
1956865223L, -1818377808L, -1539789874L, 150173947L, 764034909L, 
1223056522L, -1202271576L, 1219352081L, 281732867L, -2096479740L, 
460622386L, 713210503L, -1343873327L, -628643754L, 1129273396L, 
273201989L, 2138581391L, 1227145480L, -1955439834L, 219993043L, 
-758446795L, -1950276462L, -1813259168L, 838465993L, -1526394629L, 
-288395572L, -885931174L, -724638129L, 1329922841L, 13057326L, 
-1870780612L, 1936123053L, -1642506409L, -308086112L, -291326978L, 
1435198155L, -11455283L, -733374470L, -1210495944L, 1407458785L, 
-625703277L, -1998674764L, -1093448254L, 1258085847L, -1476517343L, 
-2019585562L, -226400028L, 1689778197L, 1854687295L, -1355069480L, 
-674911754L, 1594780163L, 1786412357L, 1659881826L, 906240720L, 
-1238622727L, 1008555307L, -944531812L, -1757399862L, 797973951L, 
1894482185L, 86221342L, 1612181452L, -581816931L, 1531979815L, 
2140214864L, -657472786L, 1568361371L, -202163715L, 1290804458L, 
-292710520L, 1842405681L, -1072619101L, 338802084L, 1587955794L, 
-2123322457L, 1156116465L, -421127370L, 1531496404L, 1338572133L, 
-2137468561L, 1534806952L, -172646138L, 1782743091L, 1525167765L, 
1307004658L, 1178132288L, -1562780503L, -1935916773L, -1485515028L, 
817335034L, -643599569L, -973513927L, 601161038L, 1749547932L, 
-1300270835L, -1116089481L, -1982658688L, -527362594L, -1081873749L, 
1312720301L, -1112507878L, 1500691672L, -396623551L, 54352371L, 
903000084L, -625183326L, -1560825161L, -656204671L, 215182470L, 
469829828L, 91514357L, -283021217L, 2108492472L, -1359596650L, 
-1844182621L, 732964197L, 266425474L, 85335536L, 352725913L, 
2114170251L, -512923524L, 16186026L, -3722017L, 60654185L, 1192394878L, 
600561772L, 2008178877L, -1914515065L, 238404976L, -439549938L, 
-350937797L, 1743634973L, -992553270L, 1486848488L, -1688856879L, 
1608557251L, -2076325436L, 2062884466L, 891051847L, 677355281L, 
